0:
- cam_R_m2c: [-0.020019319486718833, 0.9490354981310192, 0.3145327489062062, 0.7556508176749959, -0.1916348950173344, 0.6263129479412065, 0.6546686708514452, 0.25021528790004244, -0.713303049977147]
  cam_t_m2c: [-37.80583052678101, 47.20019788320322, 446.3148407616938]
  obj_bb: [252.3333081, 201.6666465, 63.6666603, 81.3333252]
  obj_id: 1
1:
- cam_R_m2c: [-0.17420912129049243, 0.9843909553073762, 0.02501258019923414, 0.37603738603523995, 0.04302901824960839, 0.925604876765598, 0.9100808021065918, 0.17065447751964588, -0.3776638491297762]
  cam_t_m2c: [-20.591900197955297, -25.764241013257873, 501.81148014356756]
  obj_bb: [281.6666385, 130.9999869, 50.9999949, 61.9999938]
  obj_id: 1
2:
- cam_R_m2c: [-0.3178711989881539, 0.9460640270240639, 0.06261595343714135, 0.30149904747264367, 0.0382465687990435, 0.9526990733427778, 0.8989194764977123, 0.3217142470362611, -0.29739488567722433]
  cam_t_m2c: [-93.10516756118061, -22.903363740535596, 428.70140888022036]
  obj_bb: [188.3333145, 124.6666542, 61.3333272, 70.6666596]
  obj_id: 1
3:
- cam_R_m2c: [-0.3733558697955082, 0.926904729108455, 0.03811846856340269, 0.28779883362981873, 0.07666681943103519, 0.9546172165636047, 0.8819167907748182, 0.36738239200417344, -0.2953861069765065]
  cam_t_m2c: [-94.73138612269965, -7.021190893378773, 413.54376449436006]
  obj_bb: [178.9999821, 141.6666525, 66.66666, 72.99999269999999]
  obj_id: 1
4:
- cam_R_m2c: [-0.5269726211226208, 0.8476377541261496, -0.06172596185666252, 0.19281215239903213, 0.18997320529725867, 0.962670065576123, 0.8277217711733854, 0.49539925216845093, -0.2635455377663074]
  cam_t_m2c: [11.860949399536544, -3.2580103702852483, 375.07112713316013]
  obj_bb: [299.3333034, 140.9999859, 85.9999914, 81.3333252]
  obj_id: 1
5:
- cam_R_m2c: [-0.5086092216602862, 0.8598762571733125, -0.04392586927688954, 0.17671426300779797, 0.15418417749015537, 0.9721107491748531, 0.8426676265834161, 0.4866621638891769, -0.23037189356988583]
  cam_t_m2c: [23.097348452706058, -5.026893961663276, 359.3316169295616]
  obj_bb: [314.6666352, 137.3333196, 88.3333245, 82.6666584]
  obj_id: 1
6:
- cam_R_m2c: [-0.5314178835173692, 0.8463469401414896, -0.0359428712132993, 0.1466274521570838, 0.1336906003392897, 0.9801159184784427, 0.8343233326186202, 0.5155809153702796, -0.1951432713523631]
  cam_t_m2c: [0.23567371922033686, 4.271643560267094, 342.14608599506727]
  obj_bb: [280.9999719, 150.6666516, 92.3333241, 81.9999918]
  obj_id: 1
7:
- cam_R_m2c: [-0.3518545875666403, 0.9133316959432038, -0.2049964936134708, -0.4753852313856912, 0.014300446864416214, 0.8796615138789751, 0.8063542837913625, 0.4069652447138277, 0.4291527217743483]
  cam_t_m2c: [-115.97532865272439, 40.67975721984743, 399.8828130664003]
  obj_bb: [147.3333186, 201.3333132, 70.3333263, 80.9999919]
  obj_id: 1
8:
- cam_R_m2c: [-0.38214689901567983, 0.9055139363190655, -0.18441328234335513, -0.4625094169899188, -0.014649574847461915, 0.8864933328302214, 0.8000304911491464, 0.42406355784096583, 0.42440701236303313]
  cam_t_m2c: [-90.14548790582408, 47.32038296301343, 385.5823901828454]
  obj_bb: [172.9999827, 209.3333124, 75.9999924, 86.666658]
  obj_id: 1
9:
- cam_R_m2c: [-0.39686447643345724, 0.8973347674358569, -0.19310334667227538, -0.4782064015176914, -0.02256302003825782, 0.8779576001574637, 0.7834648842754202, 0.44077343985043793, 0.4380656912264565]
  cam_t_m2c: [-81.83114962877386, 48.98721302629953, 364.6777367483971]
  obj_bb: [174.9999825, 211.9999788, 81.9999918, 93.333324]
  obj_id: 1
10:
- cam_R_m2c: [-0.3669354729361749, 0.914724988966673, -0.16922338272538948, -0.4862712789156889, -0.03352959020560013, 0.8731643659027459, 0.7930312742904941, 0.4026834502938529, 0.45710768628041176]
  cam_t_m2c: [-45.09873916213195, 31.92633579530157, 351.3888421424705]
  obj_bb: [221.6666445, 189.3333144, 85.9999914, 94.3333239]
  obj_id: 1
11:
- cam_R_m2c: [-0.40104150369975583, 0.8949145949357437, -0.19568745509416335, -0.5006559503019025, -0.035230209871961564, 0.8649291599545457, 0.7671436187165586, 0.4448445796942663, 0.4621730933093066]
  cam_t_m2c: [-29.51751580608563, 15.473612396388603, 345.547768747615]
  obj_bb: [239.999976, 166.66665, 92.6666574, 93.6666573]
  obj_id: 1
12:
- cam_R_m2c: [-0.41302705398184325, 0.8905158417247284, -0.19076212495245423, -0.4922887565787776, -0.042084956049616866, 0.8694139615973638, 0.7661986901745523, 0.45300153654441105, 0.45577316185049893]
  cam_t_m2c: [-13.37709158685059, 13.932452762787221, 337.159304201752]
  obj_bb: [260.3333073, 163.6666503, 97.3333236, 95.9999904]
  obj_id: 1
13:
- cam_R_m2c: [-0.404404143955564, 0.9023027053443172, -0.14935567039751765, -0.4209220856538824, -0.03864064957696984, 0.906273412392229, 0.811961751660971, 0.4293678238161235, 0.395425575438732]
  cam_t_m2c: [10.912869323967747, 9.722452831271198, 321.88875641634263]
  obj_bb: [294.3333039, 157.9999842, 103.333323, 97.3333236]
  obj_id: 1
14:
- cam_R_m2c: [-0.4252611902103081, 0.9020555212759281, -0.07381569370074992, -0.19279310598267724, -0.010598884203430997, 0.9811821859059578, 0.8842984441841246, 0.43148986105035236, 0.1784173798268614]
  cam_t_m2c: [-42.22650217752121, 26.7906963855321, 393.72022475321205]
  obj_bb: [236.3333097, 188.6666478, 75.9999924, 72.6666594]
  obj_id: 1
15:
- cam_R_m2c: [-0.36934982185811577, 0.9232230570097552, -0.10601837623232784, -0.2175201665025041, 0.025026236711383452, 0.9757349356463506, 0.9034742310979877, 0.3834486595121002, 0.19157619700858405]
  cam_t_m2c: [-11.31050736487548, 10.675917990945052, 386.8112119136585]
  obj_bb: [273.6666393, 167.3333166, 79.6666587, 71.9999928]
  obj_id: 1
16:
- cam_R_m2c: [-0.3395822442244778, 0.9347162303834671, -0.10483066376393146, -0.2134020706912104, 0.031981245842527706, 0.9764408615676952, 0.9160477365466113, 0.353953059842797, 0.18861011583621387]
  cam_t_m2c: [2.5811137321342468, 4.266338161182006, 376.76996357365]
  obj_bb: [290.6666376, 158.6666508, 81.9999918, 72.99999269999999]
  obj_id: 1
17:
- cam_R_m2c: [-0.31664037426396685, 0.9432914620243066, -0.09970000530601637, -0.20236306802454743, 0.03551048943678194, 0.9786665386328747, 0.9267081860465388, 0.3300609380281229, 0.1796432996310401]
  cam_t_m2c: [12.931607196432816, -5.584839196016631, 368.04223913994906]
  obj_bb: [303.6666363, 144.9999855, 84.3333249, 73.9999926]
  obj_id: 1
18:
- cam_R_m2c: [-0.3016009285375359, 0.9496258925087794, -0.08513250954951072, -0.16338946426862164, 0.03649077284324304, 0.9858865586178335, 0.9393299542074169, 0.3112540566389517, 0.1441532148600466]
  cam_t_m2c: [17.093955696179783, -15.400668489629524, 360.5240871471508]
  obj_bb: [309.3333024, 132.3333201, 85.6666581, 72.3333261]
  obj_id: 1
19:
- cam_R_m2c: [-0.11695305502922773, 0.985802867306643, 0.12047692612832314, 0.34767550901447275, -0.07299271652851269, 0.9347693853380709, 0.9302922784538507, 0.15121101197924422, -0.33420279248587254]
  cam_t_m2c: [-49.35891099332434, 22.111210768370356, 415.0900336729702]
  obj_bb: [236.9999763, 178.3333155, 61.6666605, 72.3333261]
  obj_id: 1
20:
- cam_R_m2c: [-0.06645844874002267, 0.9872873784445597, 0.14438458004626423, 0.406437366085484, -0.10536924024457711, 0.9075824979911048, 0.9112584386663111, 0.11899981333744565, -0.39426780541288076]
  cam_t_m2c: [-69.03768508859486, 41.035267987240175, 429.61585817515896]
  obj_bb: [214.6666452, 199.3333134, 60.9999939, 72.99999269999999]
  obj_id: 1
21:
- cam_R_m2c: [0.0007517551802091291, 0.9920369400426723, 0.1259450056767553, 0.43193023757561017, -0.11391282961376432, 0.8946843784918017, 0.9019067051153491, 0.05372687260723886, -0.428576385756168]
  cam_t_m2c: [-44.49737322286538, 34.508228803666, 458.26936953135873]
  obj_bb: [248.6666418, 190.9999809, 57.3333276, 69.3333264]
  obj_id: 1
22:
- cam_R_m2c: [0.4122381891624934, 0.9101639759711219, 0.040757971495949764, 0.5021575528851004, -0.26431320315341833, 0.8233931762646727, 0.7601956770966768, -0.3189671887251357, -0.5660057111375361]
  cam_t_m2c: [37.28298746498651, 44.20416967156618, 448.85027879234775]
  obj_bb: [333.6666333, 198.3333135, 68.9999931, 77.3333256]
  obj_id: 1
23:
- cam_R_m2c: [0.4403851374882565, 0.8977325021287119, 0.011716881034216963, 0.5154840715863337, -0.26351410443043877, 0.8153750601453287, 0.7350762563300653, -0.35303919242478515, -0.5788145005023896]
  cam_t_m2c: [45.70328332914025, 36.05141311051962, 441.71134329176914]
  obj_bb: [343.333299, 188.6666478, 69.999993, 79.3333254]
  obj_id: 1
24:
- cam_R_m2c: [0.47009275014333596, 0.8825719819245997, 0.008916444602963317, 0.509182990566221, -0.2794350061788559, 0.8140324068732533, 0.7209337614377025, -0.3781306309246917, -0.5807510116872634]
  cam_t_m2c: [44.907307626903716, 36.44276749055945, 430.49247334510676]
  obj_bb: [342.6666324, 188.9999811, 72.6666594, 81.6666585]
  obj_id: 1
25:
- cam_R_m2c: [0.5115622067124256, 0.8592443511092446, -0.0018038155020427917, 0.511689112071812, -0.30295290069056685, 0.8039861892783553, 0.6902741203686209, -0.412211941906131, -0.5946452334790067]
  cam_t_m2c: [40.311886648238186, 40.968745429891186, 419.79875145901514]
  obj_bb: [337.3332996, 193.9999806, 75.3333258, 84.3333249]
  obj_id: 1
26:
- cam_R_m2c: [0.22223982826012142, 0.9748788513848236, 0.014855431919546299, 0.4265466507603836, -0.11091682450325897, 0.8976387986084445, 0.8767367982809949, -0.1931545577114812, -0.4404814449840892]
  cam_t_m2c: [-48.85817990557074, -3.4193798137907265, 441.1534795356396]
  obj_bb: [235.9999764, 146.9999853, 66.66666, 73.333326]
  obj_id: 1
27:
- cam_R_m2c: [0.17335755131657526, 0.9847769874818743, 0.012706074438780341, 0.3790570953963057, -0.07862465836152085, 0.9220270503229552, 0.9089900317557041, -0.1550240240209791, -0.3869168827346594]
  cam_t_m2c: [-47.710197614754705, -14.539557256427045, 447.9396381664736]
  obj_bb: [239.6666427, 135.9999864, 63.6666603, 70.3333263]
  obj_id: 1
28:
- cam_R_m2c: [0.07574020116015716, 0.9970903881473727, 0.00861276914459173, 0.3413179955750532, -0.034040782562016085, 0.9393312786334715, 0.9368913746133252, -0.06820544689894428, -0.34290314840851]
  cam_t_m2c: [-58.70478621061728, 4.502645380647195, 456.1034594136823]
  obj_bb: [230.3333103, 160.3333173, 60.3333273, 64.3333269]
  obj_id: 1
29:
- cam_R_m2c: [-0.026900584633002635, 0.9996364705843408, 0.0018125187121423192, 0.30991724785763053, 0.0066161253380430125, 0.9507405147388337, 0.9503829007440915, 0.026137206491713787, -0.3099825614612135]
  cam_t_m2c: [-58.333753357824435, 14.677393722060188, 438.84397663809807]
  obj_bb: [228.9999771, 172.3333161, 58.6666608, 63.6666603]
  obj_id: 1
30:
- cam_R_m2c: [-0.0795379876054643, 0.996807091052993, -0.007023656749921577, 0.2816322401756045, 0.029230018776974877, 0.9590771018515495, 0.9562201576108624, 0.07430497445504791, -0.2830579109473734]
  cam_t_m2c: [-55.07311560483753, 15.809751820242354, 425.10303094308557]
  obj_bb: [230.6666436, 172.9999827, 58.6666608, 65.6666601]
  obj_id: 1
31:
- cam_R_m2c: [-0.2836839889680636, 0.9585327157828823, -0.027174016579404242, 0.18891298332508807, 0.08364797203788835, 0.9784247040550247, 0.9401251401459179, 0.27242989841028553, -0.2048088653300409]
  cam_t_m2c: [-92.18354263925991, 4.335452094842438, 397.62847515701725]
  obj_bb: [177.9999822, 156.666651, 66.66666, 70.6666596]
  obj_id: 1
32:
- cam_R_m2c: [-0.327105565009517, 0.9444744535717311, -0.03114411485631082, 0.17189137074917135, 0.09187486827748809, 0.9808222903467092, 0.9292229581762252, 0.3154790248643675, -0.1923997891601027]
  cam_t_m2c: [-85.99979553371055, 4.4955717388919965, 382.94931275295545]
  obj_bb: [178.9999821, 155.6666511, 71.9999928, 72.99999269999999]
  obj_id: 1
33:
- cam_R_m2c: [-0.5022285845829799, 0.8644765910703679, 0.021134623704484365, -0.10404751353911931, -0.0846746235324332, 0.9909613125929624, 0.8584524236986592, 0.4954900923540183, 0.1324726561404362]
  cam_t_m2c: [-37.03845687627138, 17.174537923127644, 331.5745926549457]
  obj_bb: [225.3333108, 175.6666491, 92.3333241, 84.9999915]
  obj_id: 1
34:
- cam_R_m2c: [-0.5220014656238491, 0.8529177740560788, 0.006763178673886046, -0.10144212483953434, -0.06995348894222218, 0.9923789622381411, 0.8468907634368158, 0.5173372015272351, 0.12303761506699594]
  cam_t_m2c: [-31.812447670821804, 0.8250788294581781, 349.19452081635194]
  obj_bb: [237.9999762, 154.9999845, 87.3333246, 75.6666591]
  obj_id: 1
35:
- cam_R_m2c: [-0.025853368478697687, 0.9692300584306328, 0.2447952147670675, 0.8009339055474359, -0.126449942341855, 0.5852480593955622, 0.5981943515972337, 0.21119542115370696, -0.7730200591193434]
  cam_t_m2c: [-114.17347055551338, 42.88711320933123, 517.9565256099967]
  obj_bb: [189.999981, 196.9999803, 52.3333281, 67.6666599]
  obj_id: 1
36:
- cam_R_m2c: [-0.0450179275670952, 0.9668260030327286, 0.25143759873439747, 0.7742721188622956, -0.12527395933827953, 0.6203298486000826, 0.6312496116038837, 0.22260708652571518, -0.7429468439117822]
  cam_t_m2c: [-120.81944707930418, 28.67544545390274, 478.9034456912719]
  obj_bb: [171.6666495, 182.9999817, 56.666661, 72.99999269999999]
  obj_id: 1
37:
- cam_R_m2c: [-0.12373303815363336, 0.9415314603295865, 0.3133825848366596, 0.7242763951715514, -0.13018873191743185, 0.6771075228344702, 0.6783169160993799, 0.31075617981202824, -0.6658203646946076]
  cam_t_m2c: [-80.065305434493, 12.378539702726187, 451.7401829230412]
  obj_bb: [207.9999792, 164.6666502, 61.6666605, 76.666659]
  obj_id: 1
38:
- cam_R_m2c: [-0.16201691441109145, 0.9342129021647856, 0.31779989438883716, 0.7213042608600546, -0.10765776535352257, 0.6842002402982734, 0.6734023186103821, 0.340082429695997, -0.656409367926927]
  cam_t_m2c: [-78.17711822153483, 17.824201887218408, 462.5089556460216]
  obj_bb: [212.99997869999999, 171.3333162, 60.9999939, 74.3333259]
  obj_id: 1
39:
- cam_R_m2c: [-0.35400779593065934, 0.8812275627762246, 0.3132354753596582, 0.638540520709435, -0.016971079868315753, 0.7694010565759745, 0.6833333621538169, 0.47238751576600446, -0.5566916122198918]
  cam_t_m2c: [-0.6368419299178782, -2.930343853167898, 427.3350852213804]
  obj_bb: [286.9999713, 147.3333186, 80.6666586, 75.6666591]
  obj_id: 1
40:
- cam_R_m2c: [-0.4811962068880299, 0.7987659903663927, 0.3611413893623476, 0.6024847087126114, 0.002098765391983613, 0.7981276658225226, 0.6367592843799385, 0.6016381701802364, -0.482254212981208]
  cam_t_m2c: [-55.62152653934348, 6.331331929863666, 398.30243902142945]
  obj_bb: [213.6666453, 155.6666511, 88.6666578, 81.6666585]
  obj_id: 1
41:
- cam_R_m2c: [-0.5687050832490786, 0.7577924896233974, 0.31988290194543234, 0.5413327912006551, 0.05201100079299873, 0.8391982274572662, 0.6193006842056333, 0.6504194019760499, -0.43979684409457814]
  cam_t_m2c: [-64.96812529164178, 6.147342395237217, 371.5444820852783]
  obj_bb: [192.3333141, 151.6666515, 95.9999904, 86.9999913]
  obj_id: 1
42:
- cam_R_m2c: [-0.5839710181602725, 0.7591306071660521, 0.28757359268986243, 0.5033442277571318, 0.060679390645633886, 0.8619527828915283, 0.6368849490547179, 0.6481039521670684, -0.4175390147674756]
  cam_t_m2c: [-44.24257315166206, 15.65242256987409, 357.13071309257754]
  obj_bb: [216.3333117, 164.3333169, 99.3333234, 89.3333244]
  obj_id: 1
43:
- cam_R_m2c: [0.13747467728350696, 0.955971958399903, 0.2592649761515189, 0.6004095730977183, -0.28860715112092394, 0.7457977318646651, 0.7877874444533947, 0.053136871143457144, -0.6136508903983376]
  cam_t_m2c: [-48.942601636131755, 81.43072273586102, 470.9659185351377]
  obj_bb: [241.3333092, 235.9999764, 65.6666601, 78.3333255]
  obj_id: 1
44:
- cam_R_m2c: [0.23086460565913258, 0.9445651880391241, 0.23344836559390442, 0.5740585818091107, -0.3259514416825328, 0.751140734028178, 0.7855942200049366, -0.03939877167743524, -0.6174864033200601]
  cam_t_m2c: [-11.925943464374559, 73.86716733471437, 487.82841493926577]
  obj_bb: [281.6666385, 226.3333107, 64.9999935, 75.3333258]
  obj_id: 1
45:
- cam_R_m2c: [-0.03209468791753595, 0.9570836546719305, 0.2880291807565577, 0.8041802424649862, -0.14639916756588875, 0.5760741457182138, 0.5935183810434441, 0.2501162963419872, -0.7649691298789353]
  cam_t_m2c: [-177.68016308125152, 92.5448184540516, 433.4589904128443]
  obj_bb: [82.9999917, 254.9999745, 69.3333264, 85.3333248]
  obj_id: 1
46:
- cam_R_m2c: [-0.010642940956902687, 0.9663718201120813, 0.2569284591107971, 0.816817469601366, -0.13981066276488813, 0.5596983115315458, 0.5767980141798413, 0.21582048992276776, -0.7878613881690657]
  cam_t_m2c: [-183.23885615711077, 64.34901712529944, 505.337632418125]
  obj_bb: [112.9999887, 218.3333115, 58.3333275, 70.9999929]
  obj_id: 1
47:
- cam_R_m2c: [-0.9376501153617411, -0.09602556510033225, -0.33405291797748937, -0.2863915913426956, 0.7580384986864015, 0.585967141499816, 0.1969571465327214, 0.6451021045977362, -0.7382758001406111]
  cam_t_m2c: [243.52518599086292, 110.53355353309595, 497.7985857522917]
  obj_bb: [541.6666125, 262.9999737, 67.6666599, 77.6666589]
  obj_id: 1
48:
- cam_R_m2c: [-0.8993450344953416, -0.2065457401691712, 0.3853795092458105, 0.13671470203345068, 0.7043616889361318, 0.6965512912965882, -0.41531626404040256, 0.6791269898752436, -0.6052263481099558]
  cam_t_m2c: [72.46279674664405, 65.43588536955369, 739.5686844980717]
  obj_bb: [351.9999648, 208.9999791, 47.6666619, 47.9999952]
  obj_id: 1
49:
- cam_R_m2c: [-0.876794741046517, -0.2642426861729312, 0.4017546326768175, 0.12812280874483437, 0.6769062080809772, 0.7248327609461145, -0.46348196076277387, 0.6870034849005836, -0.5596522882843847]
  cam_t_m2c: [61.72343741607719, 77.69645696729779, 737.3327377057575]
  obj_bb: [344.3332989, 217.6666449, 48.9999951, 47.6666619]
  obj_id: 1
50:
- cam_R_m2c: [-0.8597965138252691, -0.3194419044128485, 0.398380251165901, 0.11100388940338313, 0.6445835960394278, 0.7564324981478527, -0.49842561265572555, 0.6945997821925747, -0.5187514349154059]
  cam_t_m2c: [100.71742094808027, 93.3063496677797, 731.2785828237294]
  obj_bb: [369.999963, 228.6666438, 51.6666615, 47.9999952]
  obj_id: 1
51:
- cam_R_m2c: [-0.8354882150752299, -0.3506352186628348, 0.4231009169260596, 0.1335458148174938, 0.6173166813426951, 0.775297123869793, -0.5330337304665983, 0.7042549668758521, -0.4689349462511345]
  cam_t_m2c: [93.81302194560044, 87.27897905630897, 723.1381641943905]
  obj_bb: [365.33329679999997, 224.9999775, 52.6666614, 48.6666618]
  obj_id: 1
52:
- cam_R_m2c: [-0.771753655508784, -0.4231136296090887, 0.47473271600749384, 0.17044038255792443, 0.5815877774778597, 0.7954280187935749, -0.6126551813233422, 0.694788106927131, -0.3767268443717226]
  cam_t_m2c: [43.59716812952854, 96.8930177142605, 731.2373085136608]
  obj_bb: [330.3333003, 230.6666436, 52.3333281, 48.9999951]
  obj_id: 1
53:
- cam_R_m2c: [-0.6806562067537397, -0.4361023518717544, 0.5886610798239809, 0.5169052499662593, 0.28351975259422313, 0.8077286131159587, -0.5191493915675228, 0.85406749650179, 0.032444115864600075]
  cam_t_m2c: [48.071988008019275, -12.307332407621544, 666.749287599202]
  obj_bb: [333.6666333, 151.9999848, 57.9999942, 54.3333279]
  obj_id: 1
54:
- cam_R_m2c: [-0.7057500230748672, -0.42443219505599317, 0.5672514581116349, 0.5185781395849137, 0.23604002365557816, 0.8218040036269744, -0.4826941247565314, 0.8741524003471166, 0.05351600595056156]
  cam_t_m2c: [69.10233145277004, 22.63761432959459, 643.7044626280389]
  obj_bb: [349.999965, 178.3333155, 60.3333273, 54.6666612]
  obj_id: 1
55:
- cam_R_m2c: [-0.7185966699481313, -0.5051341540649852, 0.4779731293038431, 0.5044407908191659, 0.09450052446164041, 0.8582593660626197, -0.4787048302421763, 0.8578514657407346, 0.18690250995982474]
  cam_t_m2c: [-3.669357689135154, 19.69302792201394, 603.2440325201388]
  obj_bb: [292.3333041, 177.6666489, 62.6666604, 53.333328]
  obj_id: 1
56:
- cam_R_m2c: [-0.7723896328973683, -0.49506585173697454, 0.3978995569696105, 0.4641343698091983, -0.012283301373909332, 0.8856796301536896, -0.433582220293322, 0.8687686245205346, 0.23926457174895618]
  cam_t_m2c: [-35.11938439674935, 37.05795453239908, 545.186188591035]
  obj_bb: [260.6666406, 194.3333139, 67.9999932, 58.9999941]
  obj_id: 1
57:
- cam_R_m2c: [-0.765941859891455, -0.5151781293141853, 0.38460962330960435, 0.4886494728489086, -0.07773495125148307, 0.8690103394312485, -0.41779751070405213, 0.8535506853317302, 0.311281974452796]
  cam_t_m2c: [-41.45388036788415, 66.70350413995868, 551.9374493091127]
  obj_bb: [255.6666411, 218.3333115, 66.9999933, 63.6666603]
  obj_id: 1
58:
- cam_R_m2c: [-0.8987844710337684, -0.39036099284559755, 0.1995113277314068, 0.3093516598783428, -0.2422798162213489, 0.919566224467963, -0.3106252165537489, 0.8882110030372, 0.33851615755320713]
  cam_t_m2c: [175.818223201697, 130.4615086896383, 505.34674894378963]
  obj_bb: [466.9999533, 282.6666384, 70.9999929, 76.9999923]
  obj_id: 1
59:
- cam_R_m2c: [-0.8980691349079363, -0.38149154903461885, 0.21894297645934616, 0.3243955453118703, -0.23829069951675022, 0.9154152460526493, -0.29705110521175476, 0.8931303043447719, 0.3377556814525702]
  cam_t_m2c: [198.5014627083551, 109.52785064524625, 487.82402426570945]
  obj_bb: [494.9999505, 264.9999735, 74.9999925, 78.3333255]
  obj_id: 1
60:
- cam_R_m2c: [-0.9037191483002035, -0.3697948375565063, 0.21573937775035928, 0.3237005287332316, -0.26039606483180805, 0.9096218209332577, -0.2801957685144107, 0.8918776079354532, 0.3550276943703866]
  cam_t_m2c: [209.24606746599972, 100.14568417055412, 475.37633679741555]
  obj_bb: [510.6666156, 256.9999743, 76.666659, 80.3333253]
  obj_id: 1
61:
- cam_R_m2c: [-0.9049165083520918, -0.37250803450565767, 0.20582487007305528, 0.32034472867029573, -0.27778932456706507, 0.9056557546715683, -0.28018809347474605, 0.8854777554435264, 0.3707071308859345]
  cam_t_m2c: [208.8766493388066, 96.52897937057449, 466.8039332016373]
  obj_bb: [513.9999486, 254.3333079, 77.3333256, 81.6666585]
  obj_id: 1
62:
- cam_R_m2c: [-0.9046958881105372, -0.37174501416976247, 0.20816098211674902, 0.32766220182705563, -0.2947793594931226, 0.8976316676179994, -0.2723285360180459, 0.8802901644666646, 0.3884924642943802]
  cam_t_m2c: [204.28552094425407, 84.32326909738231, 455.23956481762457]
  obj_bb: [513.6666153, 242.6666424, 79.3333254, 83.333325]
  obj_id: 1
63:
- cam_R_m2c: [-0.9067414552646361, -0.3597762625526048, 0.21995675531396852, 0.33525773943720766, -0.29866801700711554, 0.8935321279979199, -0.2557776015448249, 0.883944826627045, 0.3914324488685886]
  cam_t_m2c: [211.81306180959706, 78.94359235339384, 437.7094296046671]
  obj_bb: [529.6666137, 238.6666428, 82.9999917, 86.666658]
  obj_id: 1
64:
- cam_R_m2c: [-0.8800066486580754, -0.4066309347611165, 0.2454375301637529, 0.38110664814513495, -0.2961333897511698, 0.8758211793591556, -0.28345373706684956, 0.864266335321342, 0.4155691044496147]
  cam_t_m2c: [158.40511524681762, 50.49812259994367, 417.60799146902326]
  obj_bb: [474.3332859, 206.9999793, 87.6666579, 89.6666577]
  obj_id: 1
65:
- cam_R_m2c: [-0.8665324748746253, -0.40163589718940435, 0.29632764986838295, 0.4243066160113101, -0.28012287639798317, 0.8611010798550602, -0.26284095114096606, 0.8719058321902559, 0.4131523377592456]
  cam_t_m2c: [140.28165842583016, 63.76767863659609, 425.73523485065795]
  obj_bb: [448.9999551, 221.3333112, 87.9999912, 89.999991]
  obj_id: 1
66:
- cam_R_m2c: [-0.8546826195909711, -0.35148905475217285, 0.3820642147055116, 0.47463861030683135, -0.23089401369442558, 0.8493563115948917, -0.210323107087916, 0.9072725052758419, 0.3641713769578583]
  cam_t_m2c: [106.1304343548245, 104.86259317564017, 421.6288234665848]
  obj_bb: [408.6666258, 268.9999731, 90.9999909, 90.6666576]
  obj_id: 1
67:
- cam_R_m2c: [-0.8385651616978763, -0.23790056366546322, 0.4901140595762065, 0.54477305721117, -0.37532271660625527, 0.749903443475289, 0.0055484883896189515, 0.8958438369531575, 0.44433437192010566]
  cam_t_m2c: [138.75480635259242, 35.8065497624974, 381.0298269860277]
  obj_bb: [458.9999541, 186.3333147, 104.6666562, 102.6666564]
  obj_id: 1
68:
- cam_R_m2c: [-0.7633076124110562, -0.1411043670348425, 0.6304371867514075, 0.6449128397095957, -0.22392670011318813, 0.7307148979965605, 0.03806465569315039, 0.964337280509322, 0.2619249728583496]
  cam_t_m2c: [113.04596492572264, 77.92469498800268, 385.87231569161304]
  obj_bb: [424.3332909, 241.3333092, 104.3333229, 102.9999897]
  obj_id: 1
69:
- cam_R_m2c: [-0.9951053355604302, -0.07364327594974197, 0.06589415032120308, -0.013554611926327993, 0.7622266782220805, 0.647168265215515, -0.09788587045477917, 0.6431074240855279, -0.7594940404317778]
  cam_t_m2c: [162.98688013561843, 151.30115338858178, 588.8333642857696]
  obj_bb: [438.3332895, 290.6666376, 58.3333275, 56.666661]
  obj_id: 1
70:
- cam_R_m2c: [-0.99635338817461, -0.07002167251406702, 0.04875337169168453, -0.021329210568494024, 0.7576653395217585, 0.6522946405298017, -0.08261350161746954, 0.6488761042492712, -0.756395935132381]
  cam_t_m2c: [190.6421219039839, 116.1565600162212, 578.0344102475716]
  obj_bb: [463.6666203, 261.9999738, 61.6666605, 56.9999943]
  obj_id: 1
71:
- cam_R_m2c: [0.39362334686204525, -0.9174910826539614, -0.057190681545020876, -0.7150802902394304, -0.26650167335163755, -0.6462484325798165, 0.5776857617392126, 0.2952744000946226, -0.7609810702852907]
  cam_t_m2c: [14.290863366561211, -117.50467973217542, 648.1953707489573]
  obj_bb: [313.333302, 69.999993, 46.666662, 56.3333277]
  obj_id: 1
72:
- cam_R_m2c: [0.4709941444628388, -0.8807081388571854, -0.05017658848936881, -0.7755971657427804, -0.3863415450859375, -0.4991885886439882, 0.42025415211926775, 0.2740317220529835, -0.865039341842434]
  cam_t_m2c: [280.5193149677383, -124.02185375377283, 615.747807935981]
  obj_bb: [526.9999473, 55.6666611, 59.6666607, 62.6666604]
  obj_id: 1
73:
- cam_R_m2c: [0.4581169340716627, -0.8882410208923532, -0.034011226394977584, -0.7810335611143039, -0.3839657731285089, -0.49250062079040746, 0.42440010736319267, 0.2521867836940262, -0.8696472704494466]
  cam_t_m2c: [271.07619813137023, -128.70074512762375, 641.4244338335695]
  obj_bb: [511.6666155, 57.3333276, 56.9999943, 59.999994]
  obj_id: 1
74:
- cam_R_m2c: [0.4913739634838828, -0.8687467847343125, -0.06189226142203823, -0.7861412896058169, -0.41181850131939957, -0.4608550691355668, 0.3748779811979406, 0.2751082441237238, -0.8853146069212448]
  cam_t_m2c: [332.8261820365718, -125.05629984999952, 635.3431180184987]
  obj_bb: [560.9999439, 58.9999941, 60.3333273, 60.6666606]
  obj_id: 1
75:
- cam_R_m2c: [0.010867324207426034, -0.9867175905494824, 0.16208114561784984, -0.9282038167199753, -0.07024155604155688, -0.3653817160605214, 0.37191339837526866, -0.14647361641293904, -0.916638371335105]
  cam_t_m2c: [3.896493530527721, -220.39222388858255, 730.920187428667]
  obj_bb: [311.3333022, 11.9999988, 35.9999964, 49.3333284]
  obj_id: 1
76:
- cam_R_m2c: [-0.013687960835359496, -0.9883652985517434, 0.15148160398838414, -0.8907356258699137, -0.056780597630645344, -0.45096120513725, 0.4543156221552409, -0.14110280065055683, -0.8795949721970139]
  cam_t_m2c: [95.5771822507242, -197.90637012205556, 853.5975239219517]
  obj_bb: [365.9999634, 51.6666615, 33.9999966, 40.6666626]
  obj_id: 1
77:
- cam_R_m2c: [-0.03268368854634929, -0.9861452585806273, 0.16263242444836584, -0.8875144468294494, -0.046192984500246066, -0.4584586293788972, 0.45961928067915303, -0.15932274527482956, -0.8737084065442369]
  cam_t_m2c: [111.95895462852059, -203.32016128262325, 890.7496750832032]
  obj_bb: [372.9999627, 54.3333279, 33.6666633, 38.9999961]
  obj_id: 1
78:
- cam_R_m2c: [-0.07941554153908607, -0.9792446410890939, 0.1864754800512535, -0.8868532632115986, -0.016011864073182776, -0.4617736563943865, 0.4551751984598818, -0.2020483929834476, -0.8671747145759114]
  cam_t_m2c: [40.88634602812624, -220.22400028891204, 903.0058403016588]
  obj_bb: [333.3333, 46.9999953, 32.3333301, 38.3333295]
  obj_id: 1
79:
- cam_R_m2c: [-0.09538204006050646, -0.9739937990627525, 0.20551969691784366, -0.8812508466765456, -0.013392430866026803, -0.47245908608827747, 0.46292462849341615, -0.2261785183937792, -0.8570554627043848]
  cam_t_m2c: [26.11165441980475, -202.31550154041938, 920.0538210039581]
  obj_bb: [324.9999675, 59.6666607, 31.999996799999998, 37.3333296]
  obj_id: 1
80:
- cam_R_m2c: [-0.1349908773072888, -0.9591937204859347, 0.24844490259242483, -0.8799390308537323, 0.0007830030394989766, -0.47508598051977385, 0.4555049560915921, -0.28274864011448597, -0.844137691072615]
  cam_t_m2c: [-6.056109739048907, -184.11074877938665, 907.1528580079453]
  obj_bb: [306.9999693, 68.3333265, 32.9999967, 36.9999963]
  obj_id: 1
81:
- cam_R_m2c: [-0.23548532419319956, -0.9106772770434983, 0.3394312289201791, -0.9064005640293903, 0.0797662112072926, -0.4148196826053903, 0.35069171592272713, -0.4053446047824901, -0.8442221696667886]
  cam_t_m2c: [-7.189043405233576, -209.14221244746497, 845.4433583301861]
  obj_bb: [302.9999697, 44.3333289, 39.3333294, 39.6666627]
  obj_id: 1
82:
- cam_R_m2c: [-0.21266802621209036, -0.9411083040434712, 0.2628449556059149, -0.8985219270654939, 0.08264762606892638, -0.43107739036938897, 0.3839670001569995, -0.32784833378498757, -0.8631829544336717]
  cam_t_m2c: [49.14686616750049, -178.6446779789719, 765.3944485836645]
  obj_bb: [337.3332996, 49.999995, 43.333329, 43.333329]
  obj_id: 1
83:
- cam_R_m2c: [-0.2286972022872953, -0.9457466861522592, 0.23078300478584726, -0.9023691718088648, 0.1169922840720974, -0.4147802830856084, 0.3652772473545917, -0.30311055920177726, -0.8801684619806814]
  cam_t_m2c: [51.839860154160704, -184.12740537681654, 722.1624336503439]
  obj_bb: [339.999966, 36.9999963, 45.9999954, 46.9999953]
  obj_id: 1
84:
- cam_R_m2c: [-0.24395299617744864, -0.9479268914218748, 0.20474751323351273, -0.9001192016951747, 0.1427474939039019, -0.4115927304068881, 0.360932623069303, -0.28470644794843886, -0.8880708756067249]
  cam_t_m2c: [41.4584040427406, -196.2851875082589, 703.8092926263818]
  obj_bb: [333.3333, 23.6666643, 46.666662, 49.6666617]
  obj_id: 1
85:
- cam_R_m2c: [-0.23530999363232705, -0.9531252379716609, 0.1902143202764177, -0.898536700613201, 0.138733465366935, -0.4163950326774141, 0.37048752279651415, -0.26889646023841, -0.8890633774503118]
  cam_t_m2c: [42.509249219887295, -207.6769099226616, 687.3824526515685]
  obj_bb: [334.6666332, 10.9999989, 47.3333286, 50.9999949]
  obj_id: 1
86:
- cam_R_m2c: [-0.22633523086670398, -0.953681684170737, 0.19815046945637824, -0.9028416248121361, 0.12905091206866096, -0.41014980507228, 0.36558085805345225, -0.2717298426222522, -0.8902322892669012]
  cam_t_m2c: [51.39338859325693, -207.10520565408416, 675.5679717875008]
  obj_bb: [340.9999659, 8.6666658, 48.6666618, 51.3333282]
  obj_id: 1
87:
- cam_R_m2c: [0.14608057982614087, -0.9892715474381057, 0.0015065281526508982, -0.9890742679360567, -0.1460206101197921, 0.02025028214612349, -0.01981304379474126, -0.0044482411872570305, -0.99979380696518]
  cam_t_m2c: [127.15160508472601, -194.58726787371813, 629.4223814309457]
  obj_bb: [404.6666262, 5.9999994, 48.6666618, 51.9999948]
  obj_id: 1
88:
- cam_R_m2c: [0.1076170261074208, -0.9919663470646827, 0.06649317245360205, -0.9905421243742804, -0.11270782217516387, -0.0782511767363277, 0.08511683459741075, -0.05744312936880666, -0.9947137333707802]
  cam_t_m2c: [59.14876000612432, -87.79706153461265, 732.9492046769378]
  obj_bb: [347.9999652, 108.3333225, 37.9999962, 39.6666627]
  obj_id: 1
89:
- cam_R_m2c: [0.11556690019277709, -0.9927408083963811, 0.03331634620322108, -0.9892723232026177, -0.11805089457548772, -0.08604799146536188, 0.08935637708148497, -0.02301463956761689, -0.9957337818114057]
  cam_t_m2c: [79.2847429784567, -86.04076497403646, 718.134999124833]
  obj_bb: [362.3332971, 107.6666559, 38.9999961, 40.9999959]
  obj_id: 1
90:
- cam_R_m2c: [0.11672035205804057, -0.9931610123452336, -0.0027500859692022764, -0.9894780018138445, -0.11604824787955173, -0.08640652805527707, 0.08549645221837156, 0.012806549944347325, -0.9962561663229967]
  cam_t_m2c: [93.46083167717666, -76.83338756852336, 700.6428577413444]
  obj_bb: [373.6666293, 112.6666554, 39.6666627, 41.3333292]
  obj_id: 1
91:
- cam_R_m2c: [0.12485729185944248, -0.992045611513517, -0.01600504127763275, -0.9890512950745728, -0.12316906388060693, -0.08128294663757107, 0.0786650645511531, 0.02597857539488729, -0.9965625525974849]
  cam_t_m2c: [110.32926809729582, -76.75659376160307, 685.6987972589277]
  obj_bb: [386.666628, 110.6666556, 41.3333292, 42.6666624]
  obj_id: 1
92:
- cam_R_m2c: [0.10927585392819877, -0.8407280043067781, 0.5303161420535912, -0.9940061671230678, -0.0906828051163443, 0.061060368304972044, -0.0032446062273788607, -0.5338099396138789, -0.8455982621196996]
  cam_t_m2c: [-69.52581663875685, -198.56368968611778, 635.71769543817]
  obj_bb: [246.3333087, 3.9999995999999998, 51.3333282, 52.6666614]
  obj_id: 1
93:
- cam_R_m2c: [0.06300224096988133, -0.8074941193552039, 0.5865014619244666, -0.9912194698071334, -0.11908226346518846, -0.05747501373007891, 0.1162526572085057, -0.5777306134651089, -0.8079063423177162]
  cam_t_m2c: [-136.81343446675743, -120.69367791131972, 726.0430676771083]
  obj_bb: [209.999979, 82.9999917, 44.6666622, 42.9999957]
  obj_id: 1
94:
- cam_R_m2c: [0.14026035134084386, -0.8603700219201663, 0.48999026441638177, -0.9803240548907352, -0.19009831646418565, -0.05317308981119394, 0.138894856795815, -0.4728911666108547, -0.8701046852517775]
  cam_t_m2c: [23.414051852420585, -58.52838957729499, 720.72447905387]
  obj_bb: [319.6666347, 126.666654, 46.3333287, 41.3333292]
  obj_id: 1
95:
- cam_R_m2c: [0.14340768269469278, -0.8627604232325753, 0.4848491400917259, -0.9823050177134655, -0.18372139359558734, -0.03637721416276698, 0.12046198038836471, -0.4710529711601905, -0.8738409521429344]
  cam_t_m2c: [39.97006378847135, -64.82629004557452, 712.0591220321808]
  obj_bb: [330.9999669, 121.66665449999999, 47.3333286, 41.3333292]
  obj_id: 1
96:
- cam_R_m2c: [0.14482641760982579, -0.8611151423363088, 0.48734589400283523, -0.9839476466804266, -0.1772437295478912, -0.02077712511403076, 0.10427050088282154, -0.47651376892496233, -0.8729617922169177]
  cam_t_m2c: [43.986386970460785, -76.32080944539925, 701.8622613265497]
  obj_bb: [333.6666333, 112.3333221, 48.3333285, 42.3333291]
  obj_id: 1
97:
- cam_R_m2c: [0.1322495973156284, -0.8605763881968199, 0.49185193309366043, -0.988507183349362, -0.1511683402623855, 0.0012966761456774754, 0.073236551506506, -0.4863706539054679, -0.8706778936799778]
  cam_t_m2c: [30.607950220819987, -100.5267689156196, 675.0277455855628]
  obj_bb: [324.3333009, 90.9999909, 49.999995, 44.6666622]
  obj_id: 1
98:
- cam_R_m2c: [0.11818579155264289, -0.8542314474355965, 0.506281298180331, -0.9912820077294779, -0.13139994921879844, 0.009697138604386606, 0.05824173612531383, -0.5030136057378402, -0.8623138712880166]
  cam_t_m2c: [41.5125083268606, -94.00088587035604, 651.355822349487]
  obj_bb: [332.6666334, 92.9999907, 51.6666615, 44.9999955]
  obj_id: 1
99:
- cam_R_m2c: [0.07963837985590376, -0.8534238428352515, 0.5150975373016635, -0.9965322574051054, -0.05566475313473246, 0.061845737197756254, -0.024107849448082728, -0.5182366059424606, -0.8548974393786821]
  cam_t_m2c: [34.348040264458064, -70.47667946999789, 629.3020654424352]
  obj_bb: [327.6666339, 111.3333222, 52.3333281, 40.9999959]
  obj_id: 1
100:
- cam_R_m2c: [0.06538621879855638, -0.8092162772355517, 0.5838609929154901, -0.9960833033716545, -0.01802971356780399, 0.0865620134520639, -0.059520543810013246, -0.5872341492843359, -0.8072257173671208]
  cam_t_m2c: [-32.5571537287027, -165.65582355527079, 549.5639888267158]
  obj_bb: [267.6666399, 6.9999993, 58.9999941, 56.9999943]
  obj_id: 1
101:
- cam_R_m2c: [0.08173550210275468, -0.8156728249177794, 0.572710354705291, -0.990168109462475, -0.13190833229122137, -0.0465543432523461, 0.11351838044792179, -0.5632743865673269, -0.8184348127601138]
  cam_t_m2c: [-52.97489809862583, -156.9268939392161, 599.4258556473778]
  obj_bb: [254.9999745, 27.3333306, 54.6666612, 57.3333276]
  obj_id: 1
102:
- cam_R_m2c: [0.05575977065860017, -0.8443143312222733, 0.5329391692011258, -0.9825533253499842, -0.1412535870295949, -0.12098093649398596, 0.17742550780479488, -0.5168952836348567, -0.8374601214005668]
  cam_t_m2c: [-42.03321815678305, -137.39624014427045, 632.5599887678047]
  obj_bb: [268.3333065, 51.6666615, 50.3333283, 53.9999946]
  obj_id: 1
103:
- cam_R_m2c: [0.06894533861485898, -0.8311893756006072, 0.5516980715680955, -0.9846041749855481, -0.145734917223533, -0.09651918204625999, 0.16062739145087102, -0.5365496769084137, -0.8284402726359732]
  cam_t_m2c: [-33.0926913335486, -133.30385472937706, 628.4600912970004]
  obj_bb: [274.6666392, 54.3333279, 51.3333282, 53.6666613]
  obj_id: 1
104:
- cam_R_m2c: [0.06406714418038122, -0.8511310731473913, 0.5210290753494864, -0.9801390556884733, -0.15185525237743727, -0.1275437722489566, 0.1876774694806995, -0.5025095806533003, -0.8439557386504138]
  cam_t_m2c: [-22.49665722984969, -132.87739848802738, 640.7630275407729]
  obj_bb: [283.9999716, 57.3333276, 49.999995, 52.9999947]
  obj_id: 1
105:
- cam_R_m2c: [0.06692923046071568, -0.8491834404715335, 0.5238396343718809, -0.9722918207820127, -0.1733690066849462, -0.15681773739432048, 0.2239845828407286, -0.49882930141482745, -0.8372575677171632]
  cam_t_m2c: [-0.3289200277976079, -102.85692975569927, 669.3527538234125]
  obj_bb: [302.3333031, 85.9999914, 47.9999952, 49.999995]
  obj_id: 1
106:
- cam_R_m2c: [0.09071601772508255, -0.8674963998528801, 0.48910183026686227, -0.9582682651516168, -0.20973075732012117, -0.19425483632908477, 0.27109506843801773, -0.4510687371966944, -0.8503202092108395]
  cam_t_m2c: [47.50919633904226, -64.44139665455774, 695.006211718062]
  obj_bb: [336.9999663, 117.9999882, 46.9999953, 46.9999953]
  obj_id: 1
107:
- cam_R_m2c: [0.12809433338622997, -0.9039392845302364, 0.4080264839900737, -0.9540390597744257, -0.22469991452484034, -0.1982912525485159, 0.27092676903375035, -0.36387321733743205, -0.8911761708693959]
  cam_t_m2c: [110.13158088374223, -104.38382293793757, 674.1937000062385]
  obj_bb: [383.333295, 84.6666582, 49.999995, 51.3333282]
  obj_id: 1
108:
- cam_R_m2c: [0.253843533739582, -0.9667940480081786, -0.029541989008215877, -0.8055512486290956, -0.19440389308122424, -0.5597269979078813, 0.5353976524142658, 0.16588066521093955, -0.8281503237326355]
  cam_t_m2c: [49.530765870780925, -119.4800273453414, 711.9695967094897]
  obj_bb: [341.9999658, 79.6666587, 38.6666628, 49.999995]
  obj_id: 1
109:
- cam_R_m2c: [0.5053342935261292, -0.8467343067827535, -0.1663678619913654, -0.7410407544580985, -0.3270317049866744, -0.5864374341442417, 0.44214912870955697, 0.4196323124482185, -0.7927249651239328]
  cam_t_m2c: [344.1231122196905, -225.7701225465187, 692.0502887297024]
  obj_bb: [551.9999448, 0.0, 50.3333283, 51.3333282]
  obj_id: 1
110:
- cam_R_m2c: [0.26048844687734984, -0.9565322453616061, -0.13111762897074766, -0.7795507532315238, -0.1282550175730566, -0.6130671036709595, 0.5696019594239387, 0.26190974409292134, -0.7790743826937131]
  cam_t_m2c: [35.85817547477407, -242.14370580638948, 873.7833599521299]
  obj_bb: [329.6666337, 29.999997, 33.6666633, 39.3333294]
  obj_id: 1
111:
- cam_R_m2c: [0.22783381262242153, -0.967781948622291, -0.10719073535885748, -0.7688276480866126, -0.11125076650032767, -0.6297041483829509, 0.5974912563071858, 0.22587909791286764, -0.7694042057088912]
  cam_t_m2c: [23.20710345618747, -253.4085113290786, 918.3972126995529]
  obj_bb: [322.9999677, 31.6666635, 31.3333302, 36.9999963]
  obj_id: 1
112:
- cam_R_m2c: [0.12519111304928365, -0.9469643326695079, 0.2959488771144016, -0.8722602111455191, -0.2471907612238591, -0.4219702022867775, 0.4727465592321706, -0.20531751074217422, -0.8569453952946949]
  cam_t_m2c: [128.28944205879063, -181.63056642551467, 753.9143013069244]
  obj_bb: [390.6666276, 41.6666625, 42.3333291, 50.9999949]
  obj_id: 1
113:
- cam_R_m2c: [0.12879323529619816, -0.9538588320611556, 0.27122984909641856, -0.8667478971938373, -0.24116762926442817, -0.4365618596545471, 0.48183024526486423, -0.17886168704868877, -0.8578158961304562]
  cam_t_m2c: [125.62666804428994, -124.45003543014352, 716.2312767133715]
